0.00000
0.00109
0.00473
0.01087
0.01876
0.02731
0.03567
0.04381
0.05202
0.06024
0.06839
0.07634
0.08391
0.09093
0.09720
0.10250
0.10661
0.10929
0.11028
0.10904
0.10538
0.09982
0.09274
0.08437
0.07491
0.06454
0.05346
0.04187
0.03000
0.01810
0.00653
0.00567
0.00286
0.00014
-0.00254
-0.00441
-0.00522
-0.01519
-0.02607
-0.03700
-0.04778
-0.05828
-0.06824
-0.07752
-0.08608
-0.09345
-0.09872
-0.10046
-0.09819
-0.09207
-0.08250
-0.07035
-0.05671
-0.04256
-0.02875
-0.01605
-0.00515
0.00344
0.00938
0.01254
0.01296
0.01105
0.00766
0.00382
0.00098