 1.00000
 0.99630
 0.98577
 0.96962
 0.94887
 0.92400
 0.89493
 0.86133
 0.82357
 0.78220
 0.73782
 0.69103
 0.64249
 0.59283
 0.54271
 0.49275
 0.44357
 0.39574
 0.34982
 0.30610
 0.26383
 0.22327
 0.18488
 0.14908
 0.11625
 0.08677
 0.06099
 0.03924
 0.02184
 0.00910
 0.00157
 0.00123
 0.00037
 0.00000
 0.00040
 0.00114
 0.00153
 0.00912
 0.02186
 0.03854
 0.05862
 0.08171
 0.10720
 0.13473
 0.16370
 0.19389
 0.22531
 0.25808
 0.29423
 0.33348
 0.37647
 0.42318
 0.47329
 0.52631
 0.58152
 0.63799
 0.69460
 0.75008
 0.80306
 0.85213
 0.89593
 0.93320
 0.96293
 0.98414
 0.99620